689.00
731.00
594.00
732.00
191.00
513.00
305.00
726.00
644.00
558.00
729.00
714.00
628.00
70.00
905.00
735.00
564.00
799.00
422.00
582.00
1000.00
198.00
190.00
563.00
597.00
241.00
509.00
63.00
449.00
838.00
663.00
354.00
413.00
387.00
978.00
418.00
356.00
484.00
106.00
640.00
55.00
759.00
86.00
527.00
954.00
897.00
370.00
693.00
893.00
436.00
865.00
477.00
968.00
377.00
42.00
167.00
796.00
12.00
897.00
61.00
964.00
815.00
83.00
503.00
333.00
403.00
705.00
834.00
430.00
686.00
392.00
830.00
49.00
973.00
736.00
459.00
605.00
43.00
605.00
687.00
853.00
539.00
657.00
534.00
193.00
29.00
602.00
719.00
554.00
906.00
920.00
29.00
920.00
800.00
45.00
145.00
862.00
615.00
741.00
749.00
472.00
701.00
244.00
834.00
726.00
450.00
694.00
158.00
713.00
186.00
820.00
252.00
46.00
851.00
482.00
30.00
902.00
590.00
723.00
645.00
239.00
90.00
191.00
149.00
566.00
628.00
922.00
206.00
538.00
311.00
896.00
697.00
589.00
241.00
765.00
557.00
274.00
824.00
778.00
829.00
602.00
695.00
763.00
452.00
694.00
178.00
661.00
887.00
699.00
10.00
438.00
361.00
864.00
290.00
464.00
105.00
293.00
67.00
219.00
312.00
458.00
853.00
467.00
225.00
709.00
376.00
638.00
34.00
228.00
671.00
821.00
504.00
855.00
590.00
841.00
108.00
671.00
824.00
357.00
329.00
257.00
70.00
599.00
856.00
78.00
324.00
808.00
389.00
763.00
527.00
215.00
410.00
607.00
132.00
648.00
655.00
164.00
319.00
549.00
395.00
512.00
418.00
698.00
976.00
813.00
691.00
851.00
641.00
212.00
514.00
275.00
555.00
95.00
181.00
4.00
675.00
274.00
370.00
741.00
346.00
682.00
941.00
962.00
254.00
583.00
309.00
799.00
82.00
277.00
354.00
714.00
560.00
640.00
481.00
600.00
346.00
325.00
154.00
891.00
781.00
707.00
710.00
830.00
514.00
376.00
650.00
107.00
940.00
748.00
936.00
482.00
849.00
17.00
804.00
98.00
898.00
962.00
998.00
324.00
421.00
150.00
659.00
600.00
598.00
601.00
970.00
370.00
353.00
487.00
28.00
540.00
237.00
735.00
64.00
82.00
853.00
293.00
740.00
949.00
886.00
603.00
245.00
